num_lstm_layers: 2
num_lstm_layers: 2
num_dense_layers: 2
num_dense_layers: 2
lstm_units_1: 218
lstm_units_1: 218
lstm_units_2: 44
lstm_units_2: 44
dense_units_1: 54
dense_units_1: 54
dense_units_2: 21
dense_units_2: 21
dropout_rate: 0.4001414100424354
dropout_rate: 0.4001414100424354
learning_rate: 0.008167328039370902
learning_rate: 0.008167328039370902
bidirectional: False
bidirectional: False
batch_norm: True
batch_norm: True
