num_lstm_layers: 2
num_lstm_layers: 2
num_dense_layers: 1
num_dense_layers: 1
lstm_units_1: 229
lstm_units_1: 229
lstm_units_2: 66
lstm_units_2: 66
dense_units_1: 42
dense_units_1: 42
lstm_dropout_rate_1: 0.2612597984824141
lstm_dropout_rate_1: 0.2612597984824141
lstm_dropout_rate_2: 0.37840653295146764
lstm_dropout_rate_2: 0.37840653295146764
learning_rate: 0.0019420201673058148
learning_rate: 0.0019420201673058148
bidirectional: False
bidirectional: False
batch_norm: True
batch_norm: True
